201
140
73
86
61
76
58
205
400
357
219
219
232
271
407
424
374
346
294
347
332
361
346
298
229
149
104
60
36
2
287
251
315
345
390
368
308
336
357
315
293
254
195
200
106
66
58
65
59
61
191
346
382
248
466
234
297
392
353
357
321
286
397
308
265
227
169
232
180
170
120
106
61
62
174
341
405
274
215
220
297
380
366
380
342
322
351
298
330
280
211
183
116
100
85
79
64
67
200
358
362
266
275
291
337
338
360
351
331
310
345
324
285
293
266
298
233
210
140
400
115
70
75
107
160
203
244
319
301
321
310
253
242
248
289
301
324
295
249
265
225
201
150
113
97
71
48
45
69
97
132
189
236
292
214
203
230
236
269
247
273
197
187
149
97
70
47
53
47
56
154
323
358
245
224
240
301
356
354
375
321
325
328
338
284
220
176
137
90
62
56
42
65
58
175
301
382
484
240
472
307
373
346
524
330
331
366
344
325
277
190
144
100
72
75
49
62
58
175
278
337
244
234
246
276
337
386
350
298
315
316
324
307
260
230
158
133
60
59
71
58
68
175
409
370
262
263
266
508
371
400
395
342
325
361
364
357
269
238
186
135
88
66
58
75
76
180
317
365
247
278
289
343
325
370
401
356
336
395
339
388
418
365
317
287
174
154
124
113
89
84
109
172
227
259
256
322
436
294
256
314
301
376
353
347
495
292
575
223
162
121
108
86
68
50
57
68
125
150
209
215
287
236
186
209
246
265
244
264
215
194
142
96
48
42
52
46
64
188
323
407
239
233
268
334
383
353
342
326
328
369
348
287
182
170
137
96
60
40
66
404
54
195
329
389
270
231
228
291
396
368
346
339
325
374
347
326
205
173
171
128
90
73
86
124
79
163
305
366
477
697
277
276
363
389
387
355
331
343
342
365
443
172
187
144
119
101
89
83
77
174
279
386
278
237
269
308
387
502
332
324
303
316
301
346
271
242
219
146
98
58
64
71
60
185
322
381
244
247
305
305
342
375
403
335
327
378
339
404
382
357
280
252
199
152
123
132
88
69
116
189
202
261
290
337
546
293
248
259
273
331
371
347
367
496
308
237
177
131
102
70
70
50
52
85
106
169
184
267
300
236
217
254
294
307
458
269
210
365
588
390
59
51
68
68
59
157
329
393
257
227
257
302
397
370
394
328
344
336
335
314
218
170
130
85
46
344
35
58
54
523
295
394
282
703
456
291
400
400
407
291
297
514
349
327
241
228
135
89
58
57
60
74
56
164
325
376
294
262
244
293
406
375
381
348
338
342
363
299
249
208
125
84
43
44
45
54
60
197
300
365
265
264
260
317
401
366
366
309
301
297
307
329
307
239
194
139
93
94
74
376
85
194
331
356
277
254
278
266
354
357
389
359
349
403
329
346
362
342
343
248
198
155
130
120
93
66
108
192
249
253
319
318
444
331
268
302
283
342
338
351
375
302
