152
100
73
60
53
29
75
316
395
280
204
199
228
309
447
382
377
311
294
327
386
323
285
293
235
140
125
80
58
4
29
253
339
347
401
321
346
381
362
320
272
185
170
101
75
47
49
44
29
66
289
406
304
221
204
234
322
384
363
336
333
355
362
336
231
190
157
115
80
54
40
38
27
70
259
405
291
216
208
218
323
372
366
352
343
374
352
378
293
229
167
139
83
57
65
48
38
77
303
421
316
235
266
284
365
384
349
354
323
306
344
390
280
244
240
226
179
148
116
81
57
48
56
129
149
222
260
282
310
295
233
228
244
277
278
307
298
229
249
225
185
159
103
74
51
52
23
50
74
99
142
203
243
240
165
209
230
225
258
250
229
195
157
112
70
50
45
34
20
62
236
384
284
203
186
251
298
379
367
337
323
337
368
323
266
178
142
118
52
55
42
34
28
69
255
371
298
235
226
256
321
371
329
351
362
337
366
350
274
201
173
109
71
66
56
35
28
63
237
346
270
223
204
218
303
346
377
336
326
366
354
335
276
248
196
110
87
57
44
50
32
70
252
361
299
225
235
277
329
377
376
395
347
379
366
392
295
240
187
134
93
51
50
38
44
75
309
366
313
237
250
262
357
424
343
375
364
351
361
418
406
357
325
307
212
129
134
80
64
61
61
115
170
223
249
276
376
351
225
258
301
300
338
400
333
277
248
93
169
113
91
67
49
46
31
60
68
133
169
208
243
261
170
175
210
251
215
268
229
180
151
116
54
44
36
33
25
65
263
389
306
197
222
233
344
360
344
315
346
376
369
349
234
175
140
100
50
54
37
41
25
62
260
408
316
225
200
234
374
382
373
326
368
382
355
399
261
209
154
104
75
44
36
39
44
67
268
369
324
215
223
234
340
383
354
382
343
360
366
380
334
194
160
137
82
45
52
38
31
62
257
375
318
245
231
262
330
346
372
334
311
345
348
390
314
230
209
146
98
64
52
44
36
71
261
386
297
195
235
262
378
404
381
366
348
331
403
447
393
329
311
275
204
137
115
86
61
64
53
138
169
204
257
300
384
344
210
238
276
288
329
426
367
270
286
284
198
130
103
65
41
39
30
73
91
127
172
202
279
259
192
225
262
275
248
272
225
175
129
85
57
40
45
35
29
65
242
391
319
208
216
252
339
380
358
341
328
396
325
349
249
193
142
88
57
37
28
22
24
68
279
374
333
245
208
240
319
385
403
344
318
313
378
383
259
243
172
102
68
49
57
39
34
64
236
409
327
254
241
250
355
396
367
341
357
407
350
377
261
224
156
86
61
37
35
41
24
75
263
398
287
238
241
263
349
404
379
337
330
330
349
392
340
263
224
137
112
75
69
39
41
75
281
396
287
246
251
285
306
434
365
390
382
341
396
428
383
323
295
278
212
140
121
93
49
57
56
140
188
251
275
307
379
367
284
256
269
289
338
388
343
277
278
