101
61
46
49
35
38
33
60
88
101
87
118
134
105
112
125
112
137
126
118
122
61
49
5
439
61
89
91
109
113
106
127
140
530
120
135
141
168
233
193
163
168
160
103
107
64
101
65
82
83
99
112
130
143
111
122
133
119
124
132
169
177
261
192
186
178
130
189
159
132
119
114
105
78
95
126
120
112
134
108
113
119
137
142
132
140
177
207
171
170
134
172
100
77
55
67
65
61
86
104
141
118
126
101
109
120
139
124
132
175
187
211
184
194
176
119
153
117
85
88
116
136
127
163
171
189
208
198
192
186
199
202
202
226
212
205
193
172
178
171
129
90
55
43
37
40
57
67
430
136
162
231
201
194
233
210
202
204
176
154
143
122
102
100
42
56
33
34
30
36
77
84
132
79
77
105
105
111
92
89
116
141
206
184
148
123
113
502
69
34
27
38
36
472
96
75
95
112
140
118
111
135
152
172
144
166
196
188
146
104
109
75
43
22
25
21
32
39
47
81
87
82
72
93
81
89
90
86
103
132
149
157
148
132
127
78
65
45
37
16
82
51
80
97
97
91
72
94
101
83
108
122
104
126
167
167
146
139
134
105
72
53
41
40
31
40
87
84
90
99
122
136
110
98
107
125
118
153
184
168
159
182
171
139
113
66
74
44
35
53
69
88
116
144
145
149
164
178
178
167
145
383
172
167
171
152
142
117
93
81
55
39
26
32
44
72
96
135
138
175
206
216
244
182
183
194
167
164
139
127
119
74
67
59
35
44
35
60
75
98
94
102
86
80
73
75
93
87
117
137
167
134
124
109
94
65
73
38
32
30
37
46
58
74
107
113
121
84
81
92
112
109
93
142
182
166
149
110
88
99
92
60
470
47
490
70
66
87
107
94
77
77
97
856
125
853
118
134
131
163
115
139
122
103
94
64
44
46
44
44
58
82
117
82
85
75
90
94
87
100
113
129
162
176
169
149
132
130
119
89
60
41
38
50
52
68
88
93
93
83
96
90
101
128
122
134
187
195
176
169
158
132
103
82
54
39
38
46
50
73
89
110
152
149
154
154
201
143
168
167
168
191
149
151
131
122
82
64
44
22
16
22
38
66
92
145
143
161
176
203
197
182
446
166
479
187
153
120
105
106
74
458
899
473
33
464
57
87
88
90
76
99
128
101
516
96
120
115
138
153
111
516
83
66
57
38
31
19
33
28
60
78
71
95
63
62
85
99
102
104
109
140
139
144
138
105
113
96
57
45
45
43
39
42
60
85
93
72
71
90
499
93
82
86
98
118
142
180
165
119
114
107
81
63
56
31
41
38
79
73
98
88
91
65
89
87
97
109
99
129
175
200
160
169
132
83
65
45
35
36
46
53
59
78
88
68
77
108
97
98
99
110
114
133
193
184
164
143
140
135
95
63
45
43
40
41
46
91
116
135
146
148
155
182
183
174
420
166
190
185
154
141
140
