54
28
17
12
18
12
20
45
65
61
68
72
64
58
81
87
96
106
112
127
109
113
82
5
1
31
48
53
44
54
54
54
46
45
52
48
84
103
139
103
82
72
64
22
16
10
8
4
10
22
41
80
55
60
55
31
54
57
67
66
91
121
132
118
99
71
58
41
26
16
6
8
13
29
49
51
57
44
45
40
38
57
68
46
77
101
136
129
91
95
63
61
28
15
7
12
12
32
53
48
58
59
35
49
53
75
77
83
91
124
127
143
123
121
80
70
57
27
14
12
13
12
44
65
109
109
112
128
137
139
133
118
136
166
155
106
117
97
78
94
61
35
24
17
5
11
26
49
66
111
138
173
145
146
151
131
115
137
122
105
100
64
65
38
24
17
4
4
13
30
51
63
48
40
38
54
50
41
69
43
76
105
124
94
90
75
54
41
13
6
5
6
17
28
39
42
56
44
55
29
42
55
56
62
66
114
111
102
79
66
67
27
12
12
4
8
16
28
35
53
51
45
48
35
64
58
52
71
82
100
138
121
106
85
77
40
31
20
6
7
12
29
37
59
65
35
47
53
55
49
64
72
66
120
126
101
111
84
70
42
31
14
5
11
8
26
43
46
62
49
68
74
78
78
56
72
86
128
141
122
127
103
97
75
49
36
17
14
14
21
49
60
77
123
103
127
140
142
135
125
107
71
122
126
105
91
84
74
56
39
20
11
12
10
22
51
84
99
138
148
169
166
171
139
123
124
109
91
78
80
66
36
20
14
3
13
18
33
44
48
55
54
45
44
49
53
54
51
88
107
115
93
74
60
48
21
19
7
4
6
16
35
37
44
56
47
49
47
50
75
54
74
83
110
132
114
88
57
52
36
20
9
6
12
12
34
33
42
48
37
38
46
62
57
83
63
73
106
111
98
89
90
65
42
22
14
5
8
15
21
29
81
51
51
55
50
55
54
41
80
75
110
134
113
114
103
83
82
53
26
8
11
15
24
32
56
52
52
41
46
48
65
69
74
97
112
139
138
109
128
119
89
48
32
19
11
6
15
47
54
78
102
126
123
122
134
109
125
115
132
133
112
108
102
83
64
50
30
22
13
11
13
29
55
79
110
120
124
153
155
129
135
117
111
105
98
92
67
58
43
34
12
10
5
19
20
41
49
44
56
42
60
57
48
45
53
81
99
109
87
72
69
39
31
24
10
4
7
13
30
45
46
53
44
35
43
50
57
58
74
87
95
104
97
76
76
69
45
25
15
11
10
13
23
31
50
48
36
44
59
51
55
59
59
88
101
105
120
109
93
61
50
30
13
6
8
16
30
51
54
54
70
42
51
52
45
53
77
84
118
143
119
110
110
78
47
27
18
9
13
18
27
46
56
53
44
56
62
57
84
82
70
88
126
145
130
122
107
95
94
42
29
18
11
15
19
41
57
112
105
124
121
127
155
139
137
140
146
121
115
101
113
78
