45
25
9
6
9
19
33
83
155
130
83
103
115
108
105
121
128
120
135
125
125
97
78
66
41
30
34
16
8
6
121
121
132
106
122
148
161
169
139
88
82
76
59
26
13
3
6
18
39
98
181
145
107
106
120
130
149
129
121
168
197
163
136
121
89
76
63
27
19
5
9
13
30
82
188
150
130
114
145
115
156
116
116
146
166
157
193
118
100
102
64
24
20
6
8
20
40
96
165
145
108
126
134
151
139
146
143
167
151
135
138
85
90
99
94
57
48
21
21
25
24
38
59
104
105
91
128
104
115
103
134
109
97
116
125
80
86
67
78
66
40
29
27
18
13
19
38
37
66
80
89
69
61
88
71
94
112
116
87
65
62
71
38
17
9
8
9
25
38
90
154
144
95
115
136
137
148
106
136
154
175
167
135
81
89
69
40
22
14
8
8
13
58
99
162
149
112
107
137
129
144
127
142
135
173
173
152
70
116
82
57
24
12
3
8
18
40
108
202
149
98
127
155
132
122
131
144
152
168
163
139
95
96
78
63
30
16
6
7
21
43
94
157
147
114
117
157
132
138
127
135
155
170
170
136
100
101
85
62
32
17
9
8
17
47
101
166
131
96
123
143
143
149
159
147
157
175
170
126
109
94
109
87
72
38
33
22
14
39
36
77
104
114
127
121
106
118
110
101
111
126
140
146
100
104
107
43
60
51
33
16
24
15
18
25
58
82
98
102
92
87
86
140
126
121
107
89
82
68
64
31
19
9
5
14
18
49
91
169
130
106
95
122
114
106
121
135
155
167
172
147
107
84
71
54
24
2
2
10
18
54
106
203
132
117
102
120
149
132
153
124
168
200
163
126
95
98
82
51
24
13
4
11
19
44
121
193
140
112
102
104
131
137
108
151
156
166
133
116
93
108
89
61
23
17
4
9
17
43
96
175
142
111
107
141
150
139
110
133
139
160
174
139
113
104
87
54
38
12
6
12
19
44
107
173
145
97
106
146
115
145
124
159
174
171
165
148
122
108
105
83
59
41
25
27
23
32
32
64
107
144
128
156
102
118
154
164
183
192
194
166
96
123
145
101
68
44
29
13
15
12
18
30
57
59
79
84
67
69
85
93
97
100
113
98
60
71
55
40
14
10
5
13
21
43
99
171
126
100
91
116
119
121
121
130
138
164
158
129
87
85
86
37
21
9
5
14
23
40
97
191
149
102
101
121
143
123
125
134
159
128
120
106
72
71
64
55
34
12
16
11
24
36
101
169
136
129
101
133
151
160
141
142
173
189
154
127
97
118
98
57
27
11
7
13
23
39
101
178
146
116
107
137
139
143
125
157
173
195
180
140
138
93
89
76
41
22
7
20
17
28
113
189
164
120
131
147
157
152
146
171
161
157
146
162
104
110
123
112
76
53
27
19
22
40
33
72
89
105
137
132
126
139
131
141
118
131
157
115
119
113
118
