59
32
23
9
6
18
36
72
146
159
116
103
116
134
110
133
140
141
162
308
106
102
63
47
24
24
17
6
4
2
328
139
133
129
131
123
155
170
181
158
123
85
79
98
37
20
5
6
16
31
92
161
484
142
120
124
148
151
154
145
165
204
192
188
137
116
417
147
116
101
72
70
12
22
62
580
220
146
135
147
143
153
145
131
155
171
186
208
159
119
122
89
43
25
9
6
21
33
72
162
197
143
137
155
181
158
146
162
164
178
163
163
110
103
92
109
75
73
25
133
34
27
38
60
94
135
106
132
131
120
123
149
139
424
119
144
111
94
91
94
80
57
36
33
25
18
21
35
43
69
87
105
88
65
95
86
395
118
138
117
79
81
73
62
27
21
11
9
28
32
74
136
200
124
110
148
178
160
143
131
158
197
201
168
107
111
85
64
36
25
17
15
11
54
86
164
207
134
128
158
143
141
156
149
157
167
198
197
100
142
119
76
44
23
15
12
18
45
78
188
218
116
145
179
157
155
122
156
176
183
172
195
121
97
109
85
42
23
5
9
15
40
81
151
207
133
133
168
149
149
138
156
167
189
182
174
128
109
114
85
41
32
12
17
16
29
94
159
187
126
133
152
167
177
178
161
227
339
252
176
123
120
127
107
91
58
41
26
19
30
46
87
111
126
141
148
143
122
132
126
122
138
134
168
144
116
113
402
91
68
37
20
33
16
22
31
56
87
113
118
117
84
94
138
165
145
137
433
91
80
87
49
32
22
8
13
19
43
84
169
181
117
121
147
200
128
132
151
171
177
186
181
129
93
96
67
35
8
4
111
301
53
98
186
202
123
120
158
478
155
170
150
162
221
199
167
115
113
99
94
67
41
32
34
40
47
111
196
198
435
414
444
155
160
146
158
186
201
165
155
437
100
134
103
69
47
67
57
35
47
83
152
505
123
131
150
168
164
150
129
152
190
476
177
129
138
103
95
88
30
6
14
25
41
74
193
183
116
130
155
143
173
153
164
165
184
222
175
144
119
133
98
84
62
27
32
26
39
46
60
116
129
174
167
142
127
142
209
195
215
177
199
141
105
176
141
94
45
38
23
22
13
26
34
62
67
79
99
85
76
97
102
104
130
418
129
84
72
688
1020
22
22
5
17
20
42
80
170
180
130
111
142
154
149
143
452
166
180
173
157
120
96
426
144
30
19
7
15
22
37
100
165
208
146
118
147
150
152
142
165
143
177
171
141
88
85
80
65
47
24
21
14
24
393
68
160
195
154
125
141
171
178
154
158
183
206
185
170
117
110
131
138
41
18
9
14
21
40
91
172
195
142
129
146
157
168
136
190
239
202
212
178
155
127
108
99
58
26
13
23
21
28
88
462
192
181
155
167
184
177
146
172
187
183
160
193
130
135
122
130
98
59
44
23
22
41
39
72
101
118
129
155
164
145
155
159
120
134
161
152
124
134
436
