186 417838
115 417839
88 417840
73 417841
57 417842
32 417843
87 417844
393 417845
503 417846
338 417847
238 417848
237 417849
278 417850
378 417851
566 417852
465 417853
460 417854
389 417855
359 417856
403 417857
475 417858
426 417859
364 417860
361 417861
277 417862
173 417863
156 417864
97 417865
77 417866
6 417867
34 417945
311 417946
427 417947
442 417948
471 417949
408 417950
428 417951
471 417952
481 417953
409 417954
336 417955
262 417956
223 417957
185 417958
92 417959
55 417960
60 417961
55 417962
30 417963
85 417964
354 417965
519 417966
387 417967
271 417968
492 417969
301 417970
405 417971
481 417972
460 417973
410 417974
427 417975
448 417976
483 417977
458 417978
289 417979
250 417980
198 417981
224 417982
176 417983
142 417984
130 417985
87 417986
33 417987
82 417988
328 417989
516 417990
386 417991
267 417992
257 417993
267 417994
412 417995
459 417996
485 417997
423 417998
426 417999
473 418000
483 418001
509 418002
400 418003
307 418004
247 418005
171 418006
101 418007
75 418008
88 418009
52 418010
47 418011
86 418012
380 418013
519 418014
391 418015
289 418016
325 418017
348 418018
453 418019
514 418020
441 418021
431 418022
403 418023
385 418024
464 418025
524 418026
393 418027
308 418028
315 418029
303 418030
238 418031
191 418032
151 418033
395 418034
84 418035
61 418036
68 418037
164 418038
179 418039
272 418040
322 418041
364 418042
388 418043
372 418044
306 418045
290 418046
304 418047
342 418048
342 418049
403 418050
373 418051
290 418052
315 418053
305 418054
250 418055
208 418056
129 418057
97 418058
68 418059
68 418060
33 418061
69 418062
100 418063
122 418064
177 418065
257 418066
300 418067
291 418068
195 418069
267 418070
275 418071
278 418072
324 418073
318 418074
291 418075
242 418076
205 418077
135 418078
85 418079
56 418080
52 418081
40 418082
26 418083
74 418084
297 418085
500 418086
347 418087
247 418088
236 418089
296 418090
376 418091
461 418092
447 418093
397 418094
397 418095
424 418096
469 418097
425 418098
333 418099
224 418100
179 418101
142 418102
65 418103
70 418104
50 418105
35 418106
35 418107
81 418108
317 418109
477 418110
403 418111
515 418112
272 418113
527 418114
408 418115
448 418116
413 418117
617 418118
433 418119
425 418120
478 418121
457 418122
354 418123
311 418124
217 418125
134 418126
85 418127
73 418128
74 418129
38 418130
35 418131
73 418132
311 418133
445 418134
348 418135
274 418136
268 418137
278 418138
368 418139
429 418140
454 418141
403 418142
406 418143
458 418144
471 418145
441 418146
340 418147
314 418148
248 418149
131 418150
121 418151
67 418152
52 418153
54 418154
39 418155
87 418156
328 418157
607 418158
377 418159
290 418160
286 418161
329 418162
623 418163
469 418164
466 418165
472 418166
422 418167
493 418168
502 418169
511 418170
408 418171
321 418172
268 418173
192 418174
126 418175
68 418176
59 418177
45 418178
55 418179
96 418180
406 418181
456 418182
381 418183
286 418184
313 418185
327 418186
453 418187
527 418188
460 418189
463 418190
462 418191
429 418192
488 418193
523 418194
512 418195
462 418196
430 418197
374 418198
281 418199
162 418200
165 418201
102 418202
87 418203
95 418204
73 418205
146 418206
212 418207
279 418208
309 418209
342 418210
463 418211
428 418212
280 418213
321 418214
389 418215
375 418216
443 418217
517 418218
427 418219
520 418220
330 418221
567 418222
234 418223
154 418224
122 418225
81 418226
62 418227
64 418228
35 418229
79 418230
85 418231
154 418232
201 418233
252 418234
303 418235
311 418236
222 418237
208 418238
266 418239
300 418240
280 418241
333 418242
311 418243
219 418244
206 418245
140 418246
82 418247
50 418248
40 418249
38 418250
33 418251
81 418252
336 418253
497 418254
403 418255
249 418256
270 418257
305 418258
466 418259
465 418260
426 418261
369 418262
423 418263
485 418264
465 418265
436 418266
302 418267
217 418268
179 418269
126 418270
82 418271
61 418272
40 418273
56 418274
368 418275
71 418276
374 418277
533 418278
408 418279
283 418280
245 418281
296 418282
452 418283
471 418284
455 418285
408 418286
451 418287
473 418288
459 418289
490 418290
336 418291
262 418292
199 418293
167 418294
126 418295
88 418296
66 418297
90 418298
99 418299
86 418300
363 418301
485 418302
389 418303
480 418304
764 418305
301 418306
418 418307
454 418308
427 418309
486 418310
428 418311
460 418312
471 418313
479 418314
431 418315
451 418316
211 418317
203 418318
130 418319
111 418320
107 418321
72 418322
65 418323
79 418324
341 418325
491 418326
396 418327
294 418328
280 418329
316 418330
404 418331
443 418332
629 418333
410 418334
403 418335
431 418336
430 418337
500 418338
400 418339
299 418340
257 418341
215 418342
156 418343
85 418344
61 418345
54 418346
46 418347
82 418348
367 418349
492 418350
385 418351
260 418352
301 418353
325 418354
453 418355
496 418356
486 418357
440 418358
420 418359
411 418360
508 418361
556 418362
513 418363
455 418364
405 418365
349 418366
253 418367
185 418368
145 418369
103 418370
93 418371
83 418372
73 418373
171 418374
212 418375
251 418376
319 418377
399 418378
488 418379
593 418380
250 418381
307 418382
350 418383
351 418384
433 418385
517 418386
465 418387
348 418388
568 418389
349 418390
250 418391
169 418392
122 418393
84 418394
54 418395
50 418396
42 418397
89 418398
111 418399
153 418400
212 418401
261 418402
366 418403
320 418404
237 418405
285 418406
326 418407
328 418408
336 418409
594 418410
286 418411
228 418412
462 418413
558 418414
640 418415
52 418416
54 418417
46 418418
54 418419
72 418420
310 418421
507 418422
413 418423
267 418424
263 418425
298 418426
405 418427
483 418428
458 418429
411 418430
392 418431
511 418432
398 418433
432 418434
318 418435
240 418436
178 418437
110 418438
78 418439
45 418440
347 418441
30 418442
32 418443
85 418444
677 418445
473 418446
428 418447
309 418448
743 418449
509 418450
405 418451
487 418452
488 418453
430 418454
400 418455
436 418456
616 418457
479 418458
355 418459
291 418460
217 418461
119 418462
80 418463
63 418464
59 418465
40 418466
41 418467
73 418468
309 418469
519 418470
412 418471
303 418472
305 418473
298 418474
439 418475
491 418476
449 418477
424 418478
445 418479
508 418480
439 418481
456 418482
335 418483
281 418484
211 418485
105 418486
74 418487
41 418488
38 418489
42 418490
37 418491
92 418492
342 418493
517 418494
363 418495
291 418496
295 418497
309 418498
454 418499
484 418500
464 418501
418 418502
401 418503
418 418504
438 418505
483 418506
445 418507
328 418508
287 418509
178 418510
134 418511
93 418512
86 418513
50 418514
376 418515
88 418516
376 418517
502 418518
369 418519
318 418520
305 418521
351 418522
360 418523
539 418524
468 418525
491 418526
481 418527
426 418528
519 418529
569 418530
491 418531
423 418532
387 418533
367 418534
275 418535
183 418536
154 418537
127 418538
73 418539
78 418540
67 418541
165 418542
235 418543
293 418544
335 418545
375 418546
479 418547
462 418548
351 418549
305 418550
344 418551
365 418552
426 418553
506 418554
455 418555
362 418556
351 418557
