87 417844
46 417845
52 417846
42 417847
35 417848
41 417849
47 417850
75 417851
109 417852
96 417853
106 417854
135 417855
142 417856
113 417857
122 417858
131 417859
133 417860
164 417861
157 417862
171 417863
141 417864
134 417865
110 417866
13 417867
5 417945
79 417946
98 417947
101 417948
116 417949
114 417950
115 417951
132 417952
554 417953
134 417954
137 417955
150 417956
163 417957
201 417958
263 417959
174 417960
168 417961
164 417962
162 417963
111 417964
118 417965
77 417966
112 417967
74 417968
105 417969
112 417970
113 417971
173 417972
118 417973
136 417974
123 417975
132 417976
141 417977
141 417978
141 417979
148 417980
201 417981
226 417982
275 417983
206 417984
181 417985
162 417986
119 417987
209 417988
166 417989
128 417990
131 417991
105 417992
117 417993
98 417994
119 417995
125 417996
130 417997
132 417998
134 417999
119 418000
116 418001
130 418002
162 418003
123 418004
167 418005
168 418006
209 418007
205 418008
170 418009
157 418010
122 418011
172 418012
99 418013
73 418014
52 418015
77 418016
63 418017
95 418018
98 418019
102 418020
136 418021
128 418022
136 418023
106 418024
128 418025
139 418026
137 418027
134 418028
153 418029
204 418030
210 418031
213 418032
190 418033
198 418034
156 418035
121 418036
146 418037
102 418038
76 418039
95 418040
141 418041
161 418042
160 418043
199 418044
223 418045
210 418046
238 418047
238 418048
226 418049
229 418050
212 418051
194 418052
221 418053
255 418054
247 418055
186 418056
206 418057
172 418058
174 418059
158 418060
114 418061
77 418062
43 418063
45 418064
29 418065
53 418066
76 418067
100 418068
457 418069
178 418070
193 418071
263 418072
219 418073
216 418074
237 418075
215 418076
197 418077
216 418078
186 418079
145 418080
134 418081
102 418082
102 418083
77 418084
42 418085
50 418086
26 418087
30 418088
43 418089
59 418090
93 418091
99 418092
109 418093
77 418094
88 418095
113 418096
110 418097
111 418098
115 418099
87 418100
141 418101
183 418102
230 418103
162 418104
142 418105
125 418106
99 418107
500 418108
58 418109
37 418110
30 418111
38 418112
56 418113
492 418114
111 418115
92 418116
111 418117
121 418118
131 418119
113 418120
123 418121
155 418122
165 418123
183 418124
156 418125
192 418126
204 418127
165 418128
149 418129
108 418130
102 418131
53 418132
39 418133
29 418134
19 418135
23 418136
41 418137
48 418138
63 418139
90 418140
80 418141
84 418142
88 418143
81 418144
106 418145
98 418146
81 418147
99 418148
118 418149
151 418150
181 418151
156 418152
151 418153
123 418154
108 418155
71 418156
61 418157
43 418158
31 418159
19 418160
85 418161
68 418162
103 418163
107 418164
114 418165
76 418166
91 418167
95 418168
110 418169
87 418170
113 418171
134 418172
113 418173
168 418174
179 418175
146 418176
168 418177
126 418178
127 418179
87 418180
67 418181
46 418182
35 418183
40 418184
43 418185
64 418186
102 418187
92 418188
104 418189
104 418190
131 418191
138 418192
131 418193
112 418194
104 418195
137 418196
149 418197
201 418198
189 418199
165 418200
186 418201
167 418202
159 418203
126 418204
84 418205
67 418206
64 418207
57 418208
39 418209
64 418210
106 418211
103 418212
146 418213
192 418214
174 418215
188 418216
204 418217
202 418218
192 418219
174 418220
161 418221
386 418222
171 418223
167 418224
166 418225
145 418226
129 418227
120 418228
83 418229
68 418230
42 418231
41 418232
33 418233
30 418234
56 418235
90 418236
143 418237
150 418238
180 418239
216 418240
257 418241
226 418242
249 418243
204 418244
183 418245
183 418246
160 418247
168 418248
118 418249
128 418250
96 418251
74 418252
53 418253
54 418254
29 418255
46 418256
47 418257
73 418258
87 418259
110 418260
103 418261
95 418262
76 418263
80 418264
81 418265
87 418266
88 418267
99 418268
128 418269
168 418270
166 418271
125 418272
116 418273
106 418274
74 418275
56 418276
70 418277
39 418278
34 418279
37 418280
54 418281
52 418282
69 418283
86 418284
111 418285
111 418286
135 418287
86 418288
86 418289
116 418290
110 418291
123 418292
115 418293
165 418294
179 418295
173 418296
153 418297
104 418298
96 418299
95 418300
85 418301
60 418302
472 418303
48 418304
507 418305
77 418306
81 418307
104 418308
100 418309
97 418310
90 418311
86 418312
113 418313
880 418314
137 418315
866 418316
127 418317
165 418318
154 418319
151 418320
127 418321
128 418322
102 418323
93 418324
91 418325
57 418326
44 418327
41 418328
44 418329
48 418330
71 418331
129 418332
105 418333
86 418334
86 418335
91 418336
95 418337
94 418338
91 418339
126 418340
123 418341
165 418342
200 418343
171 418344
166 418345
145 418346
133 418347
137 418348
100 418349
75 418350
46 418351
44 418352
42 418353
51 418354
59 418355
95 418356
92 418357
91 418358
96 418359
88 418360
90 418361
108 418362
114 418363
136 418364
131 418365
173 418366
201 418367
223 418368
172 418369
177 418370
166 418371
128 418372
86 418373
67 418374
52 418375
40 418376
23 418377
53 418378
79 418379
91 418380
121 418381
159 418382
196 418383
182 418384
193 418385
184 418386
167 418387
170 418388
170 418389
201 418390
191 418391
158 418392
160 418393
147 418394
127 418395
98 418396
67 418397
43 418398
37 418399
21 418400
23 418401
25 418402
58 418403
92 418404
129 418405
168 418406
177 418407
190 418408
220 418409
221 418410
190 418411
193 418412
446 418413
171 418414
478 418415
170 418416
137 418417
114 418418
102 418419
110 418420
71 418421
440 418422
904 418423
469 418424
48 418425
473 418426
75 418427
97 418428
95 418429
98 418430
83 418431
113 418432
128 418433
111 418434
531 418435
121 418436
126 418437
139 418438
151 418439
134 418440
114 418441
549 418442
85 418443
62 418444
56 418445
31 418446
26 418447
27 418448
37 418449
47 418450
76 418451
72 418452
86 418453
95 418454
70 418455
80 418456
80 418457
113 418458
99 418459
121 418460
127 418461
152 418462
149 418463
146 418464
116 418465
114 418466
120 418467
92 418468
59 418469
46 418470
39 418471
41 418472
52 418473
59 418474
59 418475
112 418476
94 418477
78 418478
87 418479
102 418480
503 418481
96 418482
94 418483
91 418484
132 418485
140 418486
176 418487
164 418488
162 418489
126 418490
108 418491
91 418492
71 418493
49 418494
49 418495
38 418496
56 418497
55 418498
91 418499
87 418500
97 418501
97 418502
69 418503
83 418504
88 418505
99 418506
107 418507
119 418508
127 418509
177 418510
203 418511
184 418512
160 418513
154 418514
118 418515
83 418516
42 418517
32 418518
31 418519
44 418520
55 418521
64 418522
73 418523
85 418524
84 418525
75 418526
94 418527
112 418528
107 418529
133 418530
101 418531
110 418532
130 418533
172 418534
210 418535
187 418536
166 418537
149 418538
127 418539
140 418540
68 418541
50 418542
34 418543
43 418544
43 418545
46 418546
76 418547
115 418548
157 418549
166 418550
189 418551
182 418552
183 418553
217 418554
192 418555
197 418556
435 418557
195 418558
171 418559
177 418560
151 418561
150 418562
111 418563
