48 417838
25 417839
9 417840
6 417841
9 417842
19 417843
34 417844
84 417845
155 417846
130 417847
85 417848
104 417849
117 417850
108 417851
105 417852
121 417853
128 417854
120 417855
136 417856
125 417857
126 417858
97 417859
79 417860
68 417861
42 417862
30 417863
34 417864
16 417865
8 417866
6 417945
122 417946
121 417947
132 417948
106 417949
123 417950
149 417951
163 417952
171 417953
141 417954
89 417955
84 417956
79 417957
59 417958
26 417959
13 417960
3 417961
6 417962
18 417963
41 417964
98 417965
182 417966
147 417967
109 417968
107 417969
120 417970
131 417971
150 417972
133 417973
121 417974
169 417975
199 417976
164 417977
137 417978
121 417979
93 417980
76 417981
65 417982
27 417983
19 417984
5 417985
9 417986
13 417987
30 417988
83 417989
205 417990
152 417991
132 417992
115 417993
145 417994
115 417995
158 417996
119 417997
117 417998
147 417999
170 418000
163 418001
194 418002
119 418003
101 418004
103 418005
64 418006
25 418007
20 418008
6 418009
8 418010
21 418011
40 418012
97 418013
169 418014
147 418015
111 418016
130 418017
138 418018
152 418019
139 418020
148 418021
146 418022
170 418023
156 418024
139 418025
140 418026
86 418027
92 418028
101 418029
95 418030
57 418031
48 418032
23 418033
21 418034
25 418035
24 418036
39 418037
59 418038
105 418039
111 418040
91 418041
128 418042
104 418043
115 418044
106 418045
138 418046
114 418047
98 418048
117 418049
126 418050
80 418051
88 418052
68 418053
79 418054
66 418055
42 418056
31 418057
29 418058
18 418059
13 418060
19 418061
38 418062
39 418063
68 418064
85 418065
90 418066
69 418067
63 418068
88 418069
73 418070
96 418071
113 418072
117 418073
88 418074
67 418075
63 418076
72 418077
39 418078
17 418079
9 418080
8 418081
10 418082
25 418083
39 418084
90 418085
156 418086
147 418087
95 418088
116 418089
137 418090
138 418091
148 418092
106 418093
137 418094
154 418095
176 418096
169 418097
136 418098
83 418099
91 418100
69 418101
41 418102
22 418103
14 418104
8 418105
10 418106
13 418107
58 418108
101 418109
162 418110
150 418111
114 418112
110 418113
138 418114
130 418115
144 418116
127 418117
143 418118
135 418119
176 418120
176 418121
155 418122
75 418123
119 418124
82 418125
59 418126
26 418127
12 418128
3 418129
8 418130
19 418131
41 418132
108 418133
205 418134
150 418135
100 418136
128 418137
157 418138
133 418139
125 418140
131 418141
145 418142
152 418143
170 418144
165 418145
139 418146
98 418147
96 418148
80 418149
63 418150
30 418151
16 418152
6 418153
7 418154
21 418155
45 418156
95 418157
160 418158
148 418159
116 418160
118 418161
160 418162
132 418163
141 418164
128 418165
136 418166
157 418167
171 418168
174 418169
136 418170
103 418171
102 418172
85 418173
64 418174
34 418175
17 418176
9 418177
8 418178
19 418179
48 418180
103 418181
167 418182
134 418183
100 418184
124 418185
145 418186
145 418187
152 418188
161 418189
147 418190
162 418191
184 418192
172 418193
129 418194
110 418195
95 418196
110 418197
88 418198
76 418199
38 418200
33 418201
25 418202
14 418203
39 418204
37 418205
81 418206
104 418207
115 418208
127 418209
121 418210
110 418211
120 418212
111 418213
102 418214
114 418215
130 418216
144 418217
146 418218
100 418219
108 418220
111 418221
54 418222
60 418223
51 418224
35 418225
17 418226
26 418227
16 418228
19 418229
28 418230
58 418231
84 418232
99 418233
105 418234
95 418235
88 418236
87 418237
142 418238
130 418239
125 418240
109 418241
93 418242
83 418243
68 418244
65 418245
31 418246
20 418247
9 418248
5 418249
16 418250
18 418251
50 418252
95 418253
172 418254
130 418255
106 418256
100 418257
124 418258
118 418259
108 418260
123 418261
138 418262
156 418263
168 418264
177 418265
148 418266
107 418267
86 418268
71 418269
55 418270
25 418271
2 418272
2 418273
10 418274
18 418275
56 418276
110 418277
208 418278
135 418279
118 418280
104 418281
122 418282
150 418283
133 418284
155 418285
125 418286
174 418287
206 418288
164 418289
127 418290
99 418291
99 418292
83 418293
52 418294
25 418295
14 418296
4 418297
11 418298
19 418299
44 418300
123 418301
196 418302
143 418303
115 418304
103 418305
105 418306
134 418307
140 418308
109 418309
151 418310
158 418311
174 418312
145 418313
118 418314
101 418315
108 418316
89 418317
61 418318
24 418319
17 418320
4 418321
9 418322
17 418323
43 418324
96 418325
176 418326
147 418327
115 418328
110 418329
142 418330
152 418331
142 418332
113 418333
133 418334
140 418335
162 418336
179 418337
143 418338
115 418339
108 418340
87 418341
55 418342
40 418343
12 418344
7 418345
13 418346
21 418347
44 418348
107 418349
174 418350
149 418351
97 418352
107 418353
146 418354
118 418355
147 418356
128 418357
160 418358
176 418359
173 418360
169 418361
150 418362
122 418363
112 418364
105 418365
85 418366
59 418367
43 418368
25 418369
28 418370
23 418371
32 418372
32 418373
65 418374
109 418375
148 418376
131 418377
157 418378
103 418379
120 418380
160 418381
166 418382
187 418383
196 418384
198 418385
167 418386
100 418387
128 418388
146 418389
107 418390
70 418391
45 418392
30 418393
14 418394
15 418395
13 418396
19 418397
31 418398
57 418399
61 418400
80 418401
88 418402
68 418403
69 418404
88 418405
93 418406
98 418407
102 418408
116 418409
99 418410
62 418411
72 418412
56 418413
40 418414
14 418415
10 418416
6 418417
13 418418
21 418419
44 418420
101 418421
173 418422
127 418423
102 418424
91 418425
117 418426
121 418427
123 418428
122 418429
131 418430
140 418431
166 418432
160 418433
131 418434
90 418435
87 418436
88 418437
39 418438
21 418439
9 418440
5 418441
15 418442
24 418443
41 418444
99 418445
196 418446
154 418447
102 418448
102 418449
121 418450
143 418451
126 418452
126 418453
136 418454
164 418455
135 418456
121 418457
110 418458
74 418459
71 418460
64 418461
57 418462
34 418463
12 418464
16 418465
11 418466
24 418467
44 418468
104 418469
172 418470
139 418471
130 418472
102 418473
134 418474
152 418475
161 418476
144 418477
145 418478
174 418479
192 418480
155 418481
127 418482
99 418483
118 418484
98 418485
57 418486
27 418487
12 418488
9 418489
13 418490
23 418491
41 418492
102 418493
179 418494
149 418495
117 418496
108 418497
137 418498
140 418499
145 418500
126 418501
159 418502
174 418503
197 418504
181 418505
143 418506
138 418507
95 418508
90 418509
76 418510
41 418511
23 418512
7 418513
21 418514
17 418515
28 418516
113 418517
192 418518
164 418519
122 418520
131 418521
149 418522
159 418523
156 418524
149 418525
173 418526
165 418527
158 418528
152 418529
164 418530
106 418531
111 418532
125 418533
113 418534
77 418535
56 418536
27 418537
20 418538
22 418539
41 418540
33 418541
73 418542
93 418543
106 418544
138 418545
134 418546
126 418547
140 418548
132 418549
144 418550
119 418551
131 418552
159 418553
117 418554
120 418555
114 418556
119 418557
