59 417838
32 417839
23 417840
9 417841
6 417842
18 417843
36 417844
72 417845
146 417846
159 417847
116 417848
103 417849
116 417850
134 417851
110 417852
133 417853
140 417854
141 417855
162 417856
308 417857
106 417858
102 417859
63 417860
47 417861
24 417862
24 417863
17 417864
6 417865
4 417866
2 417867
328 417945
139 417946
133 417947
129 417948
131 417949
123 417950
155 417951
170 417952
181 417953
158 417954
123 417955
85 417956
79 417957
98 417958
37 417959
20 417960
5 417961
6 417962
16 417963
31 417964
92 417965
161 417966
484 417967
142 417968
120 417969
124 417970
148 417971
151 417972
154 417973
145 417974
165 417975
204 417976
192 417977
188 417978
137 417979
116 417980
417 417981
147 417982
116 417983
101 417984
72 417985
70 417986
12 417987
22 417988
62 417989
580 417990
220 417991
146 417992
135 417993
147 417994
143 417995
153 417996
145 417997
131 417998
155 417999
171 418000
186 418001
208 418002
159 418003
119 418004
122 418005
89 418006
43 418007
25 418008
9 418009
6 418010
21 418011
33 418012
72 418013
162 418014
197 418015
143 418016
137 418017
155 418018
181 418019
158 418020
146 418021
162 418022
164 418023
178 418024
163 418025
163 418026
110 418027
103 418028
92 418029
109 418030
75 418031
73 418032
25 418033
133 418034
34 418035
27 418036
38 418037
60 418038
94 418039
135 418040
106 418041
132 418042
131 418043
120 418044
123 418045
149 418046
139 418047
424 418048
119 418049
144 418050
111 418051
94 418052
91 418053
94 418054
80 418055
57 418056
36 418057
33 418058
25 418059
18 418060
21 418061
35 418062
43 418063
69 418064
87 418065
105 418066
88 418067
65 418068
95 418069
86 418070
395 418071
118 418072
138 418073
117 418074
79 418075
81 418076
73 418077
62 418078
27 418079
21 418080
11 418081
9 418082
28 418083
32 418084
74 418085
136 418086
200 418087
124 418088
110 418089
148 418090
178 418091
160 418092
143 418093
131 418094
158 418095
197 418096
201 418097
168 418098
107 418099
111 418100
85 418101
64 418102
36 418103
25 418104
17 418105
15 418106
11 418107
54 418108
86 418109
164 418110
207 418111
134 418112
128 418113
158 418114
143 418115
141 418116
156 418117
149 418118
157 418119
167 418120
198 418121
197 418122
100 418123
142 418124
119 418125
76 418126
44 418127
23 418128
15 418129
12 418130
18 418131
45 418132
78 418133
188 418134
218 418135
116 418136
145 418137
179 418138
157 418139
155 418140
122 418141
156 418142
176 418143
183 418144
172 418145
195 418146
121 418147
97 418148
109 418149
85 418150
42 418151
23 418152
5 418153
9 418154
15 418155
40 418156
81 418157
151 418158
207 418159
133 418160
133 418161
168 418162
149 418163
149 418164
138 418165
156 418166
167 418167
189 418168
182 418169
174 418170
128 418171
109 418172
114 418173
85 418174
41 418175
32 418176
12 418177
17 418178
16 418179
29 418180
94 418181
159 418182
187 418183
126 418184
133 418185
152 418186
167 418187
177 418188
178 418189
161 418190
227 418191
339 418192
252 418193
176 418194
123 418195
120 418196
127 418197
107 418198
91 418199
58 418200
41 418201
26 418202
19 418203
30 418204
46 418205
87 418206
111 418207
126 418208
141 418209
148 418210
143 418211
122 418212
132 418213
126 418214
122 418215
138 418216
134 418217
168 418218
144 418219
116 418220
113 418221
402 418222
91 418223
68 418224
37 418225
20 418226
33 418227
16 418228
22 418229
31 418230
56 418231
87 418232
113 418233
118 418234
117 418235
84 418236
94 418237
138 418238
165 418239
145 418240
137 418241
433 418242
91 418243
80 418244
87 418245
49 418246
32 418247
22 418248
8 418249
13 418250
19 418251
43 418252
84 418253
169 418254
181 418255
117 418256
121 418257
147 418258
200 418259
128 418260
132 418261
151 418262
171 418263
177 418264
186 418265
181 418266
129 418267
93 418268
96 418269
67 418270
35 418271
8 418272
4 418273
111 418274
301 418275
53 418276
98 418277
186 418278
202 418279
123 418280
120 418281
158 418282
478 418283
155 418284
170 418285
150 418286
162 418287
221 418288
199 418289
167 418290
115 418291
113 418292
99 418293
94 418294
67 418295
41 418296
32 418297
34 418298
40 418299
47 418300
111 418301
196 418302
198 418303
435 418304
414 418305
444 418306
155 418307
160 418308
146 418309
158 418310
186 418311
201 418312
165 418313
155 418314
437 418315
100 418316
134 418317
103 418318
69 418319
47 418320
67 418321
57 418322
35 418323
47 418324
83 418325
152 418326
505 418327
123 418328
131 418329
150 418330
168 418331
164 418332
150 418333
129 418334
152 418335
190 418336
476 418337
177 418338
129 418339
138 418340
103 418341
95 418342
88 418343
30 418344
6 418345
14 418346
25 418347
41 418348
74 418349
193 418350
183 418351
116 418352
130 418353
155 418354
143 418355
173 418356
153 418357
164 418358
165 418359
184 418360
222 418361
175 418362
144 418363
119 418364
133 418365
98 418366
84 418367
62 418368
27 418369
32 418370
26 418371
39 418372
46 418373
60 418374
116 418375
129 418376
174 418377
167 418378
142 418379
127 418380
142 418381
209 418382
195 418383
215 418384
177 418385
199 418386
141 418387
105 418388
176 418389
141 418390
94 418391
45 418392
38 418393
23 418394
22 418395
13 418396
26 418397
34 418398
62 418399
67 418400
79 418401
99 418402
85 418403
76 418404
97 418405
102 418406
104 418407
130 418408
418 418409
129 418410
84 418411
72 418412
688 418413
1022 418414
22 418415
22 418416
5 418417
17 418418
20 418419
42 418420
80 418421
170 418422
180 418423
130 418424
111 418425
142 418426
154 418427
149 418428
143 418429
452 418430
166 418431
180 418432
173 418433
157 418434
120 418435
96 418436
426 418437
144 418438
30 418439
19 418440
7 418441
15 418442
22 418443
37 418444
100 418445
165 418446
208 418447
146 418448
118 418449
147 418450
150 418451
152 418452
142 418453
165 418454
143 418455
177 418456
171 418457
141 418458
88 418459
85 418460
80 418461
65 418462
47 418463
24 418464
21 418465
14 418466
24 418467
393 418468
68 418469
160 418470
195 418471
154 418472
125 418473
141 418474
171 418475
178 418476
154 418477
158 418478
183 418479
206 418480
185 418481
170 418482
117 418483
110 418484
131 418485
138 418486
41 418487
18 418488
9 418489
14 418490
21 418491
40 418492
91 418493
172 418494
195 418495
142 418496
129 418497
146 418498
157 418499
168 418500
136 418501
190 418502
239 418503
202 418504
212 418505
178 418506
155 418507
127 418508
108 418509
99 418510
58 418511
26 418512
13 418513
23 418514
21 418515
28 418516
88 418517
462 418518
192 418519
181 418520
155 418521
167 418522
184 418523
177 418524
146 418525
172 418526
187 418527
183 418528
160 418529
193 418530
130 418531
135 418532
122 418533
130 418534
98 418535
59 418536
44 418537
23 418538
22 418539
41 418540
39 418541
72 418542
101 418543
118 418544
129 418545
155 418546
164 418547
145 418548
155 418549
159 418550
120 418551
134 418552
161 418553
152 418554
124 418555
134 418556
436 418557
