45 417838
25 417839
9 417840
6 417841
9 417842
19 417843
33 417844
83 417845
155 417846
130 417847
83 417848
103 417849
115 417850
108 417851
105 417852
121 417853
128 417854
120 417855
135 417856
125 417857
125 417858
97 417859
78 417860
66 417861
41 417862
30 417863
34 417864
16 417865
8 417866
6 417945
121 417946
121 417947
132 417948
106 417949
122 417950
148 417951
161 417952
169 417953
139 417954
88 417955
82 417956
76 417957
59 417958
26 417959
13 417960
3 417961
6 417962
18 417963
39 417964
98 417965
181 417966
145 417967
107 417968
106 417969
120 417970
130 417971
149 417972
129 417973
121 417974
168 417975
197 417976
163 417977
136 417978
121 417979
89 417980
76 417981
63 417982
27 417983
19 417984
5 417985
9 417986
13 417987
30 417988
82 417989
188 417990
150 417991
130 417992
114 417993
145 417994
115 417995
156 417996
116 417997
116 417998
146 417999
166 418000
157 418001
193 418002
118 418003
100 418004
102 418005
64 418006
24 418007
20 418008
6 418009
8 418010
20 418011
40 418012
96 418013
165 418014
145 418015
108 418016
126 418017
134 418018
151 418019
139 418020
146 418021
143 418022
167 418023
151 418024
135 418025
138 418026
85 418027
90 418028
99 418029
94 418030
57 418031
48 418032
21 418033
21 418034
25 418035
24 418036
38 418037
59 418038
104 418039
105 418040
91 418041
128 418042
104 418043
115 418044
103 418045
134 418046
109 418047
97 418048
116 418049
125 418050
80 418051
86 418052
67 418053
78 418054
66 418055
40 418056
29 418057
27 418058
18 418059
13 418060
19 418061
38 418062
37 418063
66 418064
80 418065
89 418066
69 418067
61 418068
88 418069
71 418070
94 418071
112 418072
116 418073
87 418074
65 418075
62 418076
71 418077
38 418078
17 418079
9 418080
8 418081
9 418082
25 418083
38 418084
90 418085
154 418086
144 418087
95 418088
115 418089
136 418090
137 418091
148 418092
106 418093
136 418094
154 418095
175 418096
167 418097
135 418098
81 418099
89 418100
69 418101
40 418102
22 418103
14 418104
8 418105
8 418106
13 418107
58 418108
99 418109
162 418110
149 418111
112 418112
107 418113
137 418114
129 418115
144 418116
127 418117
142 418118
135 418119
173 418120
173 418121
152 418122
70 418123
116 418124
82 418125
57 418126
24 418127
12 418128
3 418129
8 418130
18 418131
40 418132
108 418133
202 418134
149 418135
98 418136
127 418137
155 418138
132 418139
122 418140
131 418141
144 418142
152 418143
168 418144
163 418145
139 418146
95 418147
96 418148
78 418149
63 418150
30 418151
16 418152
6 418153
7 418154
21 418155
43 418156
94 418157
157 418158
147 418159
114 418160
117 418161
157 418162
132 418163
138 418164
127 418165
135 418166
155 418167
170 418168
170 418169
136 418170
100 418171
101 418172
85 418173
62 418174
32 418175
17 418176
9 418177
8 418178
17 418179
47 418180
101 418181
166 418182
131 418183
96 418184
123 418185
143 418186
143 418187
149 418188
159 418189
147 418190
157 418191
175 418192
170 418193
126 418194
109 418195
94 418196
109 418197
87 418198
72 418199
38 418200
33 418201
22 418202
14 418203
39 418204
36 418205
77 418206
104 418207
114 418208
127 418209
121 418210
106 418211
118 418212
110 418213
101 418214
111 418215
126 418216
140 418217
146 418218
100 418219
104 418220
107 418221
43 418222
60 418223
51 418224
33 418225
16 418226
24 418227
15 418228
18 418229
25 418230
58 418231
82 418232
98 418233
102 418234
92 418235
87 418236
86 418237
140 418238
126 418239
121 418240
107 418241
89 418242
82 418243
68 418244
64 418245
31 418246
19 418247
9 418248
5 418249
14 418250
18 418251
49 418252
91 418253
169 418254
130 418255
106 418256
95 418257
122 418258
114 418259
106 418260
121 418261
135 418262
155 418263
167 418264
172 418265
147 418266
107 418267
84 418268
71 418269
54 418270
24 418271
2 418272
2 418273
10 418274
18 418275
54 418276
106 418277
203 418278
132 418279
117 418280
102 418281
120 418282
149 418283
132 418284
153 418285
124 418286
168 418287
200 418288
163 418289
126 418290
95 418291
98 418292
82 418293
51 418294
24 418295
13 418296
4 418297
11 418298
19 418299
44 418300
121 418301
193 418302
140 418303
112 418304
102 418305
104 418306
131 418307
137 418308
108 418309
151 418310
156 418311
166 418312
133 418313
116 418314
93 418315
108 418316
89 418317
61 418318
23 418319
17 418320
4 418321
9 418322
17 418323
43 418324
96 418325
175 418326
142 418327
111 418328
107 418329
141 418330
150 418331
139 418332
110 418333
133 418334
139 418335
160 418336
174 418337
139 418338
113 418339
104 418340
87 418341
54 418342
38 418343
12 418344
6 418345
12 418346
19 418347
44 418348
107 418349
173 418350
145 418351
97 418352
106 418353
146 418354
115 418355
145 418356
124 418357
159 418358
174 418359
171 418360
165 418361
148 418362
122 418363
108 418364
105 418365
83 418366
59 418367
41 418368
25 418369
27 418370
23 418371
32 418372
32 418373
64 418374
107 418375
144 418376
128 418377
156 418378
102 418379
118 418380
154 418381
164 418382
183 418383
192 418384
194 418385
166 418386
96 418387
123 418388
145 418389
101 418390
68 418391
44 418392
29 418393
13 418394
15 418395
12 418396
18 418397
30 418398
57 418399
59 418400
79 418401
84 418402
67 418403
69 418404
85 418405
93 418406
97 418407
100 418408
113 418409
98 418410
60 418411
71 418412
55 418413
40 418414
14 418415
10 418416
5 418417
13 418418
21 418419
43 418420
99 418421
171 418422
126 418423
100 418424
91 418425
116 418426
119 418427
121 418428
121 418429
130 418430
138 418431
164 418432
158 418433
129 418434
87 418435
85 418436
86 418437
37 418438
21 418439
9 418440
5 418441
14 418442
23 418443
40 418444
97 418445
191 418446
149 418447
102 418448
101 418449
121 418450
143 418451
123 418452
125 418453
134 418454
159 418455
128 418456
120 418457
106 418458
72 418459
71 418460
64 418461
55 418462
34 418463
12 418464
16 418465
11 418466
24 418467
36 418468
101 418469
169 418470
136 418471
129 418472
101 418473
133 418474
151 418475
160 418476
141 418477
142 418478
173 418479
189 418480
154 418481
127 418482
97 418483
118 418484
98 418485
57 418486
27 418487
11 418488
7 418489
13 418490
23 418491
39 418492
101 418493
178 418494
146 418495
116 418496
107 418497
137 418498
139 418499
143 418500
125 418501
157 418502
173 418503
195 418504
180 418505
140 418506
138 418507
93 418508
89 418509
76 418510
41 418511
22 418512
7 418513
20 418514
17 418515
28 418516
113 418517
189 418518
164 418519
120 418520
131 418521
147 418522
157 418523
152 418524
146 418525
171 418526
161 418527
157 418528
146 418529
162 418530
104 418531
110 418532
123 418533
112 418534
76 418535
53 418536
27 418537
19 418538
22 418539
40 418540
33 418541
72 418542
89 418543
105 418544
137 418545
132 418546
126 418547
139 418548
131 418549
141 418550
118 418551
131 418552
157 418553
115 418554
119 418555
113 418556
118 418557
