377
378
379
380
382
383
416
417
418
419
420
421
422
423
424
456
457
458
459
460
461
462
463
464
465
500
501
502
503
504
505
540
541
542
543
544
545
546
547
577
578
579
580
581
582
583
584
585
586
587
617
618
619
620
621
622
623
624
625
626
627
658
659
660
661
662
663
664
665
666
667
668
698
699
700
701
702
703
704
705
706
707
736
738
739
740
741
742
743
744
745
746
747
748
749
779
780
781
782
783
784
785
786
787
788
789
790
818
819
820
821
822
823
824
825
826
827
828
829
830
831
832
856
857
858
859
860
861
862
863
864
865
866
867
868
869
870
871
872
873
895
896
897
898
899
900
901
902
903
904
905
906
907
908
909
910
911
912
913
914
935
936
937
938
939
940
941
942
943
944
945
946
947
948
949
950
951
952
953
954
977
978
979
980
981
982
983
984
985
986
987
988
989
990
991
992
993
994
1017
1018
1019
1020
1021
1022
1023
1024
1025
1026
1027
1028
1029
1030
1062
1063
1064
1065
1066
1067
1068
1069
1070
1071
1072
1103
1104
1105
1106
1107
1108
1109
1110
1111
1112
1113
1142
1143
1144
1145
1146
1147
1148
1149
1150
1151
1152
1153
1180
1181
1182
1183
1184
1185
1186
1187
1188
1189
1190
1191
1220
1221
1222
1223
1224
1225
1226
1227
1228
1229
1230
1261
1262
1263