152 417838
100 417839
73 417840
60 417841
53 417842
29 417843
75 417844
316 417845
395 417846
280 417847
204 417848
199 417849
228 417850
309 417851
447 417852
382 417853
377 417854
311 417855
294 417856
327 417857
386 417858
323 417859
285 417860
293 417861
235 417862
140 417863
125 417864
80 417865
58 417866
4 417867
29 417945
253 417946
339 417947
347 417948
401 417949
321 417950
346 417951
381 417952
362 417953
320 417954
272 417955
185 417956
170 417957
101 417958
75 417959
47 417960
49 417961
44 417962
29 417963
66 417964
289 417965
406 417966
304 417967
221 417968
204 417969
234 417970
322 417971
384 417972
363 417973
336 417974
333 417975
355 417976
362 417977
336 417978
231 417979
190 417980
157 417981
115 417982
80 417983
54 417984
40 417985
38 417986
27 417987
70 417988
259 417989
405 417990
291 417991
216 417992
208 417993
218 417994
323 417995
372 417996
366 417997
352 417998
343 417999
374 418000
352 418001
378 418002
293 418003
229 418004
167 418005
139 418006
83 418007
57 418008
65 418009
48 418010
38 418011
77 418012
303 418013
421 418014
316 418015
235 418016
266 418017
284 418018
365 418019
384 418020
349 418021
354 418022
323 418023
306 418024
344 418025
390 418026
280 418027
244 418028
240 418029
226 418030
179 418031
148 418032
116 418033
81 418034
57 418035
48 418036
56 418037
129 418038
149 418039
222 418040
260 418041
282 418042
310 418043
295 418044
233 418045
228 418046
244 418047
277 418048
278 418049
307 418050
298 418051
229 418052
249 418053
225 418054
185 418055
159 418056
103 418057
74 418058
51 418059
52 418060
23 418061
50 418062
74 418063
99 418064
142 418065
203 418066
243 418067
240 418068
165 418069
209 418070
230 418071
225 418072
258 418073
250 418074
229 418075
195 418076
157 418077
112 418078
70 418079
50 418080
45 418081
34 418082
20 418083
62 418084
236 418085
384 418086
284 418087
203 418088
186 418089
251 418090
298 418091
379 418092
367 418093
337 418094
323 418095
337 418096
368 418097
323 418098
266 418099
178 418100
142 418101
118 418102
52 418103
55 418104
42 418105
34 418106
28 418107
69 418108
255 418109
371 418110
298 418111
235 418112
226 418113
256 418114
321 418115
371 418116
329 418117
351 418118
362 418119
337 418120
366 418121
350 418122
274 418123
201 418124
173 418125
109 418126
71 418127
66 418128
56 418129
35 418130
28 418131
63 418132
237 418133
346 418134
270 418135
223 418136
204 418137
218 418138
303 418139
346 418140
377 418141
336 418142
326 418143
366 418144
354 418145
335 418146
276 418147
248 418148
196 418149
110 418150
87 418151
57 418152
44 418153
50 418154
32 418155
70 418156
252 418157
361 418158
299 418159
225 418160
235 418161
277 418162
329 418163
377 418164
376 418165
395 418166
347 418167
379 418168
366 418169
392 418170
295 418171
240 418172
187 418173
134 418174
93 418175
51 418176
50 418177
38 418178
44 418179
75 418180
309 418181
366 418182
313 418183
237 418184
250 418185
262 418186
357 418187
424 418188
343 418189
375 418190
364 418191
351 418192
361 418193
418 418194
406 418195
357 418196
325 418197
307 418198
212 418199
129 418200
134 418201
80 418202
64 418203
61 418204
61 418205
115 418206
170 418207
223 418208
249 418209
276 418210
376 418211
351 418212
225 418213
258 418214
301 418215
300 418216
338 418217
400 418218
333 418219
277 418220
248 418221
93 418222
169 418223
113 418224
91 418225
67 418226
49 418227
46 418228
31 418229
60 418230
68 418231
133 418232
169 418233
208 418234
243 418235
261 418236
170 418237
175 418238
210 418239
251 418240
215 418241
268 418242
229 418243
180 418244
151 418245
116 418246
54 418247
44 418248
36 418249
33 418250
25 418251
65 418252
263 418253
389 418254
306 418255
197 418256
222 418257
233 418258
344 418259
360 418260
344 418261
315 418262
346 418263
376 418264
369 418265
349 418266
234 418267
175 418268
140 418269
100 418270
50 418271
54 418272
37 418273
41 418274
25 418275
62 418276
260 418277
408 418278
316 418279
225 418280
200 418281
234 418282
374 418283
382 418284
373 418285
326 418286
368 418287
382 418288
355 418289
399 418290
261 418291
209 418292
154 418293
104 418294
75 418295
44 418296
36 418297
39 418298
44 418299
67 418300
268 418301
369 418302
324 418303
215 418304
223 418305
234 418306
340 418307
383 418308
354 418309
382 418310
343 418311
360 418312
366 418313
380 418314
334 418315
194 418316
160 418317
137 418318
82 418319
45 418320
52 418321
38 418322
31 418323
62 418324
257 418325
375 418326
318 418327
245 418328
231 418329
262 418330
330 418331
346 418332
372 418333
334 418334
311 418335
345 418336
348 418337
390 418338
314 418339
230 418340
209 418341
146 418342
98 418343
64 418344
52 418345
44 418346
36 418347
71 418348
261 418349
386 418350
297 418351
195 418352
235 418353
262 418354
378 418355
404 418356
381 418357
366 418358
348 418359
331 418360
403 418361
447 418362
393 418363
329 418364
311 418365
275 418366
204 418367
137 418368
115 418369
86 418370
61 418371
64 418372
53 418373
138 418374
169 418375
204 418376
257 418377
300 418378
384 418379
344 418380
210 418381
238 418382
276 418383
288 418384
329 418385
426 418386
367 418387
270 418388
286 418389
284 418390
198 418391
130 418392
103 418393
65 418394
41 418395
39 418396
30 418397
73 418398
91 418399
127 418400
172 418401
202 418402
279 418403
259 418404
192 418405
225 418406
262 418407
275 418408
248 418409
272 418410
225 418411
175 418412
129 418413
85 418414
57 418415
40 418416
45 418417
35 418418
29 418419
65 418420
242 418421
391 418422
319 418423
208 418424
216 418425
252 418426
339 418427
380 418428
358 418429
341 418430
328 418431
396 418432
325 418433
349 418434
249 418435
193 418436
142 418437
88 418438
57 418439
37 418440
28 418441
22 418442
24 418443
68 418444
279 418445
374 418446
333 418447
245 418448
208 418449
240 418450
319 418451
385 418452
403 418453
344 418454
318 418455
313 418456
378 418457
383 418458
259 418459
243 418460
172 418461
102 418462
68 418463
49 418464
57 418465
39 418466
34 418467
64 418468
236 418469
409 418470
327 418471
254 418472
241 418473
250 418474
355 418475
396 418476
367 418477
341 418478
357 418479
407 418480
350 418481
377 418482
261 418483
224 418484
156 418485
86 418486
61 418487
37 418488
35 418489
41 418490
24 418491
75 418492
263 418493
398 418494
287 418495
238 418496
241 418497
263 418498
349 418499
404 418500
379 418501
337 418502
330 418503
330 418504
349 418505
392 418506
340 418507
263 418508
224 418509
137 418510
112 418511
75 418512
69 418513
39 418514
41 418515
75 418516
281 418517
396 418518
287 418519
246 418520
251 418521
285 418522
306 418523
434 418524
365 418525
390 418526
382 418527
341 418528
396 418529
428 418530
383 418531
323 418532
295 418533
278 418534
212 418535
140 418536
121 418537
93 418538
49 418539
57 418540
56 418541
140 418542
188 418543
251 418544
275 418545
307 418546
379 418547
367 418548
284 418549
256 418550
269 418551
289 418552
338 418553
388 418554
343 418555
277 418556
278 418557
