201 417838
140 417839
73 417840
86 417841
61 417842
76 417843
58 417844
205 417845
400 417846
357 417847
219 417848
219 417849
232 417850
271 417851
407 417852
424 417853
374 417854
346 417855
294 417856
347 417857
332 417858
361 417859
346 417860
298 417861
229 417862
149 417863
104 417864
60 417865
36 417866
2 417867
287 417945
251 417946
315 417947
345 417948
390 417949
368 417950
308 417951
339 417952
357 417953
315 417954
293 417955
254 417956
195 417957
200 417958
106 417959
66 417960
58 417961
65 417962
59 417963
61 417964
191 417965
346 417966
382 417967
248 417968
466 417969
234 417970
297 417971
392 417972
353 417973
357 417974
321 417975
286 417976
397 417977
308 417978
265 417979
227 417980
169 417981
232 417982
180 417983
170 417984
120 417985
106 417986
61 417987
62 417988
174 417989
341 417990
405 417991
274 417992
215 417993
220 417994
297 417995
380 417996
366 417997
380 417998
342 417999
322 418000
351 418001
298 418002
330 418003
280 418004
211 418005
183 418006
116 418007
100 418008
85 418009
79 418010
64 418011
67 418012
200 418013
358 418014
362 418015
266 418016
275 418017
291 418018
337 418019
338 418020
360 418021
351 418022
331 418023
310 418024
345 418025
324 418026
285 418027
293 418028
266 418029
298 418030
233 418031
210 418032
140 418033
400 418034
115 418035
70 418036
75 418037
107 418038
160 418039
203 418040
244 418041
319 418042
301 418043
321 418044
310 418045
253 418046
242 418047
248 418048
289 418049
301 418050
324 418051
295 418052
249 418053
265 418054
225 418055
201 418056
150 418057
113 418058
97 418059
71 418060
48 418061
45 418062
69 418063
97 418064
132 418065
189 418066
236 418067
292 418068
214 418069
203 418070
230 418071
236 418072
269 418073
247 418074
273 418075
197 418076
187 418077
149 418078
97 418079
70 418080
47 418081
53 418082
47 418083
56 418084
154 418085
323 418086
358 418087
245 418088
224 418089
240 418090
301 418091
356 418092
354 418093
375 418094
321 418095
325 418096
328 418097
338 418098
284 418099
220 418100
176 418101
137 418102
90 418103
62 418104
56 418105
42 418106
65 418107
58 418108
175 418109
301 418110
382 418111
484 418112
240 418113
472 418114
307 418115
373 418116
346 418117
524 418118
330 418119
331 418120
366 418121
344 418122
325 418123
277 418124
190 418125
144 418126
100 418127
72 418128
75 418129
49 418130
62 418131
58 418132
175 418133
278 418134
337 418135
244 418136
234 418137
246 418138
276 418139
337 418140
386 418141
350 418142
298 418143
315 418144
316 418145
324 418146
307 418147
260 418148
230 418149
158 418150
133 418151
60 418152
59 418153
71 418154
58 418155
68 418156
175 418157
409 418158
370 418159
262 418160
263 418161
266 418162
508 418163
371 418164
400 418165
395 418166
342 418167
325 418168
361 418169
364 418170
357 418171
269 418172
238 418173
186 418174
135 418175
88 418176
66 418177
58 418178
75 418179
76 418180
180 418181
317 418182
365 418183
247 418184
278 418185
289 418186
343 418187
325 418188
370 418189
401 418190
356 418191
336 418192
395 418193
339 418194
388 418195
418 418196
365 418197
317 418198
287 418199
174 418200
154 418201
124 418202
113 418203
89 418204
84 418205
109 418206
172 418207
227 418208
259 418209
256 418210
322 418211
436 418212
294 418213
256 418214
314 418215
301 418216
376 418217
353 418218
347 418219
495 418220
292 418221
575 418222
223 418223
162 418224
121 418225
108 418226
86 418227
68 418228
50 418229
57 418230
68 418231
125 418232
150 418233
209 418234
215 418235
287 418236
236 418237
186 418238
209 418239
246 418240
265 418241
244 418242
264 418243
215 418244
194 418245
142 418246
96 418247
48 418248
42 418249
52 418250
46 418251
64 418252
188 418253
323 418254
407 418255
239 418256
233 418257
268 418258
334 418259
383 418260
353 418261
342 418262
326 418263
328 418264
369 418265
348 418266
287 418267
182 418268
170 418269
137 418270
96 418271
60 418272
40 418273
66 418274
404 418275
54 418276
195 418277
329 418278
389 418279
270 418280
231 418281
228 418282
291 418283
396 418284
368 418285
346 418286
339 418287
325 418288
374 418289
347 418290
326 418291
205 418292
173 418293
171 418294
128 418295
90 418296
73 418297
86 418298
124 418299
79 418300
163 418301
305 418302
366 418303
477 418304
697 418305
277 418306
276 418307
363 418308
389 418309
387 418310
355 418311
331 418312
343 418313
342 418314
365 418315
443 418316
172 418317
187 418318
144 418319
119 418320
101 418321
89 418322
83 418323
77 418324
174 418325
279 418326
386 418327
278 418328
237 418329
269 418330
308 418331
387 418332
502 418333
332 418334
324 418335
303 418336
316 418337
301 418338
346 418339
271 418340
242 418341
219 418342
146 418343
98 418344
58 418345
64 418346
71 418347
60 418348
185 418349
322 418350
381 418351
244 418352
247 418353
305 418354
305 418355
342 418356
375 418357
403 418358
335 418359
327 418360
378 418361
339 418362
404 418363
382 418364
357 418365
284 418366
252 418367
199 418368
152 418369
123 418370
132 418371
88 418372
69 418373
116 418374
189 418375
202 418376
261 418377
290 418378
337 418379
546 418380
293 418381
248 418382
259 418383
273 418384
331 418385
371 418386
347 418387
367 418388
496 418389
308 418390
237 418391
177 418392
131 418393
102 418394
70 418395
70 418396
50 418397
52 418398
85 418399
106 418400
169 418401
184 418402
267 418403
300 418404
236 418405
217 418406
254 418407
294 418408
307 418409
459 418410
269 418411
210 418412
365 418413
590 418414
390 418415
59 418416
51 418417
68 418418
68 418419
59 418420
157 418421
329 418422
393 418423
257 418424
227 418425
257 418426
302 418427
397 418428
370 418429
394 418430
328 418431
344 418432
336 418433
335 418434
314 418435
218 418436
170 418437
130 418438
85 418439
46 418440
344 418441
35 418442
58 418443
54 418444
523 418445
295 418446
394 418447
282 418448
703 418449
456 418450
291 418451
400 418452
400 418453
407 418454
291 418455
297 418456
514 418457
349 418458
327 418459
241 418460
228 418461
135 418462
89 418463
58 418464
57 418465
60 418466
74 418467
56 418468
164 418469
325 418470
376 418471
294 418472
262 418473
244 418474
293 418475
406 418476
375 418477
381 418478
348 418479
338 418480
342 418481
363 418482
299 418483
249 418484
208 418485
125 418486
84 418487
43 418488
44 418489
45 418490
54 418491
60 418492
197 418493
300 418494
365 418495
265 418496
264 418497
260 418498
317 418499
401 418500
366 418501
366 418502
309 418503
301 418504
297 418505
307 418506
329 418507
307 418508
239 418509
194 418510
139 418511
93 418512
94 418513
74 418514
376 418515
85 418516
194 418517
331 418518
356 418519
277 418520
254 418521
278 418522
266 418523
354 418524
357 418525
389 418526
359 418527
349 418528
403 418529
329 418530
346 418531
362 418532
342 418533
343 418534
248 418535
198 418536
155 418537
130 418538
120 418539
93 418540
66 418541
108 418542
192 418543
249 418544
253 418545
319 418546
318 418547
444 418548
331 418549
268 418550
302 418551
283 418552
342 418553
338 418554
351 418555
375 418556
302 418557
