54 417844
28 417845
17 417846
12 417847
18 417848
12 417849
20 417850
45 417851
65 417852
61 417853
68 417854
72 417855
64 417856
58 417857
81 417858
87 417859
96 417860
106 417861
112 417862
127 417863
109 417864
113 417865
82 417866
5 417867
1 417945
31 417946
48 417947
53 417948
44 417949
54 417950
54 417951
54 417952
46 417953
45 417954
52 417955
48 417956
84 417957
103 417958
139 417959
103 417960
82 417961
72 417962
64 417963
22 417964
16 417965
10 417966
8 417967
4 417968
10 417969
22 417970
41 417971
80 417972
55 417973
60 417974
55 417975
31 417976
54 417977
57 417978
67 417979
66 417980
91 417981
121 417982
132 417983
118 417984
99 417985
71 417986
58 417987
41 417988
26 417989
16 417990
6 417991
8 417992
13 417993
29 417994
49 417995
51 417996
57 417997
44 417998
45 417999
40 418000
38 418001
57 418002
68 418003
46 418004
77 418005
101 418006
136 418007
129 418008
91 418009
95 418010
63 418011
61 418012
28 418013
15 418014
7 418015
12 418016
12 418017
32 418018
53 418019
48 418020
58 418021
59 418022
35 418023
49 418024
53 418025
75 418026
77 418027
83 418028
91 418029
124 418030
127 418031
143 418032
123 418033
121 418034
80 418035
70 418036
57 418037
27 418038
14 418039
12 418040
13 418041
12 418042
44 418043
65 418044
109 418045
109 418046
112 418047
128 418048
137 418049
139 418050
133 418051
118 418052
136 418053
166 418054
155 418055
106 418056
117 418057
97 418058
78 418059
94 418060
61 418061
35 418062
24 418063
17 418064
5 418065
11 418066
26 418067
49 418068
66 418069
111 418070
138 418071
173 418072
145 418073
146 418074
151 418075
131 418076
115 418077
137 418078
122 418079
105 418080
100 418081
64 418082
65 418083
38 418084
24 418085
17 418086
4 418087
4 418088
13 418089
30 418090
51 418091
63 418092
48 418093
40 418094
38 418095
54 418096
50 418097
41 418098
69 418099
43 418100
76 418101
105 418102
124 418103
94 418104
90 418105
75 418106
54 418107
41 418108
13 418109
6 418110
5 418111
6 418112
17 418113
28 418114
39 418115
42 418116
56 418117
44 418118
55 418119
29 418120
42 418121
55 418122
56 418123
62 418124
66 418125
114 418126
111 418127
102 418128
79 418129
66 418130
67 418131
27 418132
12 418133
12 418134
4 418135
8 418136
16 418137
28 418138
35 418139
53 418140
51 418141
45 418142
48 418143
35 418144
64 418145
58 418146
52 418147
71 418148
82 418149
100 418150
138 418151
121 418152
106 418153
85 418154
77 418155
40 418156
31 418157
20 418158
6 418159
7 418160
12 418161
29 418162
37 418163
59 418164
65 418165
35 418166
47 418167
53 418168
55 418169
49 418170
64 418171
72 418172
66 418173
120 418174
126 418175
101 418176
111 418177
84 418178
70 418179
42 418180
31 418181
14 418182
5 418183
11 418184
8 418185
26 418186
43 418187
46 418188
62 418189
49 418190
68 418191
74 418192
78 418193
78 418194
56 418195
72 418196
86 418197
128 418198
141 418199
122 418200
127 418201
103 418202
97 418203
75 418204
49 418205
36 418206
17 418207
14 418208
14 418209
21 418210
49 418211
60 418212
77 418213
123 418214
103 418215
127 418216
140 418217
142 418218
135 418219
125 418220
107 418221
71 418222
122 418223
126 418224
105 418225
91 418226
84 418227
74 418228
56 418229
39 418230
20 418231
11 418232
12 418233
10 418234
22 418235
51 418236
84 418237
99 418238
138 418239
148 418240
169 418241
166 418242
171 418243
139 418244
123 418245
124 418246
109 418247
91 418248
78 418249
80 418250
66 418251
36 418252
20 418253
14 418254
3 418255
13 418256
18 418257
33 418258
44 418259
48 418260
55 418261
54 418262
45 418263
44 418264
49 418265
53 418266
54 418267
51 418268
88 418269
107 418270
115 418271
93 418272
74 418273
60 418274
48 418275
21 418276
19 418277
7 418278
4 418279
6 418280
16 418281
35 418282
37 418283
44 418284
56 418285
47 418286
49 418287
47 418288
50 418289
75 418290
54 418291
74 418292
83 418293
110 418294
132 418295
114 418296
88 418297
57 418298
52 418299
36 418300
20 418301
9 418302
6 418303
12 418304
12 418305
34 418306
33 418307
42 418308
48 418309
37 418310
38 418311
46 418312
62 418313
57 418314
83 418315
63 418316
73 418317
106 418318
111 418319
98 418320
89 418321
90 418322
65 418323
42 418324
22 418325
14 418326
5 418327
8 418328
15 418329
21 418330
29 418331
81 418332
51 418333
51 418334
55 418335
50 418336
55 418337
54 418338
41 418339
80 418340
75 418341
110 418342
134 418343
113 418344
114 418345
103 418346
83 418347
82 418348
53 418349
26 418350
8 418351
11 418352
15 418353
24 418354
32 418355
56 418356
52 418357
52 418358
41 418359
46 418360
48 418361
65 418362
69 418363
74 418364
97 418365
112 418366
139 418367
138 418368
109 418369
128 418370
119 418371
89 418372
48 418373
32 418374
19 418375
11 418376
6 418377
15 418378
47 418379
54 418380
78 418381
102 418382
126 418383
123 418384
122 418385
134 418386
109 418387
125 418388
115 418389
132 418390
133 418391
112 418392
108 418393
102 418394
83 418395
64 418396
50 418397
30 418398
22 418399
13 418400
11 418401
13 418402
29 418403
55 418404
79 418405
110 418406
120 418407
124 418408
153 418409
155 418410
129 418411
135 418412
117 418413
111 418414
105 418415
98 418416
92 418417
67 418418
58 418419
43 418420
34 418421
12 418422
10 418423
5 418424
19 418425
20 418426
41 418427
49 418428
44 418429
56 418430
42 418431
60 418432
57 418433
48 418434
45 418435
53 418436
81 418437
99 418438
109 418439
87 418440
72 418441
69 418442
39 418443
31 418444
24 418445
10 418446
4 418447
7 418448
13 418449
30 418450
45 418451
46 418452
53 418453
44 418454
35 418455
43 418456
50 418457
57 418458
58 418459
74 418460
87 418461
95 418462
104 418463
97 418464
76 418465
76 418466
69 418467
45 418468
25 418469
15 418470
11 418471
10 418472
13 418473
23 418474
31 418475
50 418476
48 418477
36 418478
44 418479
59 418480
51 418481
55 418482
59 418483
59 418484
88 418485
101 418486
105 418487
120 418488
109 418489
93 418490
61 418491
50 418492
30 418493
13 418494
6 418495
8 418496
16 418497
30 418498
51 418499
54 418500
54 418501
70 418502
42 418503
51 418504
52 418505
45 418506
53 418507
77 418508
84 418509
118 418510
143 418511
119 418512
110 418513
110 418514
78 418515
47 418516
27 418517
18 418518
9 418519
13 418520
18 418521
27 418522
46 418523
56 418524
53 418525
44 418526
56 418527
62 418528
57 418529
84 418530
82 418531
70 418532
88 418533
126 418534
145 418535
130 418536
122 418537
107 418538
95 418539
94 418540
42 418541
29 418542
18 418543
11 418544
15 418545
19 418546
41 418547
57 418548
112 418549
105 418550
124 418551
121 418552
127 418553
155 418554
139 418555
137 418556
140 418557
146 418558
121 418559
115 418560
101 418561
113 418562
78 418563
