101 417844
61 417845
46 417846
49 417847
35 417848
38 417849
33 417850
60 417851
88 417852
101 417853
87 417854
118 417855
134 417856
105 417857
112 417858
125 417859
112 417860
137 417861
126 417862
118 417863
122 417864
61 417865
49 417866
5 417867
439 417945
61 417946
89 417947
91 417948
109 417949
113 417950
106 417951
127 417952
140 417953
530 417954
120 417955
135 417956
141 417957
168 417958
233 417959
193 417960
163 417961
168 417962
160 417963
103 417964
107 417965
64 417966
101 417967
65 417968
82 417969
83 417970
99 417971
112 417972
130 417973
143 417974
111 417975
122 417976
133 417977
119 417978
124 417979
132 417980
169 417981
177 417982
261 417983
192 417984
186 417985
178 417986
130 417987
189 417988
159 417989
132 417990
119 417991
114 417992
105 417993
78 417994
95 417995
126 417996
120 417997
112 417998
134 417999
108 418000
113 418001
119 418002
137 418003
142 418004
132 418005
140 418006
177 418007
207 418008
171 418009
170 418010
134 418011
172 418012
100 418013
77 418014
55 418015
67 418016
65 418017
61 418018
86 418019
104 418020
141 418021
118 418022
126 418023
101 418024
109 418025
120 418026
139 418027
124 418028
132 418029
175 418030
187 418031
211 418032
184 418033
194 418034
176 418035
119 418036
153 418037
117 418038
85 418039
88 418040
116 418041
136 418042
127 418043
163 418044
171 418045
189 418046
208 418047
198 418048
192 418049
186 418050
199 418051
202 418052
202 418053
226 418054
212 418055
205 418056
193 418057
172 418058
178 418059
171 418060
129 418061
90 418062
55 418063
43 418064
37 418065
40 418066
57 418067
67 418068
430 418069
136 418070
162 418071
231 418072
201 418073
194 418074
233 418075
210 418076
202 418077
204 418078
176 418079
154 418080
143 418081
122 418082
102 418083
100 418084
42 418085
56 418086
33 418087
34 418088
30 418089
36 418090
77 418091
84 418092
132 418093
79 418094
77 418095
105 418096
105 418097
111 418098
92 418099
89 418100
116 418101
141 418102
206 418103
184 418104
148 418105
123 418106
113 418107
502 418108
69 418109
34 418110
27 418111
38 418112
36 418113
472 418114
96 418115
75 418116
95 418117
112 418118
140 418119
118 418120
111 418121
135 418122
152 418123
172 418124
144 418125
166 418126
196 418127
188 418128
146 418129
104 418130
109 418131
75 418132
43 418133
22 418134
25 418135
21 418136
32 418137
39 418138
47 418139
81 418140
87 418141
82 418142
72 418143
93 418144
81 418145
89 418146
90 418147
86 418148
103 418149
132 418150
149 418151
157 418152
148 418153
132 418154
127 418155
78 418156
65 418157
45 418158
37 418159
16 418160
82 418161
51 418162
80 418163
97 418164
97 418165
91 418166
72 418167
94 418168
101 418169
83 418170
108 418171
122 418172
104 418173
126 418174
167 418175
167 418176
146 418177
139 418178
134 418179
105 418180
72 418181
53 418182
41 418183
40 418184
31 418185
40 418186
87 418187
84 418188
90 418189
99 418190
122 418191
136 418192
110 418193
98 418194
107 418195
125 418196
118 418197
153 418198
184 418199
168 418200
159 418201
182 418202
171 418203
139 418204
113 418205
66 418206
74 418207
44 418208
35 418209
53 418210
69 418211
88 418212
116 418213
144 418214
145 418215
149 418216
164 418217
178 418218
178 418219
167 418220
145 418221
383 418222
172 418223
167 418224
171 418225
152 418226
142 418227
117 418228
93 418229
81 418230
55 418231
39 418232
26 418233
32 418234
44 418235
72 418236
96 418237
135 418238
138 418239
175 418240
206 418241
216 418242
244 418243
182 418244
183 418245
194 418246
167 418247
164 418248
139 418249
127 418250
119 418251
74 418252
67 418253
59 418254
35 418255
44 418256
35 418257
60 418258
75 418259
98 418260
94 418261
102 418262
86 418263
80 418264
73 418265
75 418266
93 418267
87 418268
117 418269
137 418270
167 418271
134 418272
124 418273
109 418274
94 418275
65 418276
73 418277
38 418278
32 418279
30 418280
37 418281
46 418282
58 418283
74 418284
107 418285
113 418286
121 418287
84 418288
81 418289
92 418290
112 418291
109 418292
93 418293
142 418294
182 418295
166 418296
149 418297
110 418298
88 418299
99 418300
92 418301
60 418302
470 418303
47 418304
490 418305
70 418306
66 418307
87 418308
107 418309
94 418310
77 418311
77 418312
97 418313
856 418314
125 418315
853 418316
118 418317
134 418318
131 418319
163 418320
115 418321
139 418322
122 418323
103 418324
94 418325
64 418326
44 418327
46 418328
44 418329
44 418330
58 418331
82 418332
117 418333
82 418334
85 418335
75 418336
90 418337
94 418338
87 418339
100 418340
113 418341
129 418342
162 418343
176 418344
169 418345
149 418346
132 418347
130 418348
119 418349
89 418350
60 418351
41 418352
38 418353
50 418354
52 418355
68 418356
88 418357
93 418358
93 418359
83 418360
96 418361
90 418362
101 418363
128 418364
122 418365
134 418366
187 418367
195 418368
176 418369
169 418370
158 418371
132 418372
103 418373
82 418374
55 418375
39 418376
38 418377
46 418378
50 418379
73 418380
89 418381
110 418382
152 418383
149 418384
154 418385
154 418386
201 418387
143 418388
168 418389
168 418390
168 418391
191 418392
149 418393
151 418394
131 418395
122 418396
82 418397
64 418398
44 418399
22 418400
16 418401
22 418402
38 418403
66 418404
92 418405
145 418406
143 418407
161 418408
176 418409
203 418410
197 418411
182 418412
446 418413
167 418414
479 418415
187 418416
153 418417
120 418418
105 418419
106 418420
74 418421
458 418422
899 418423
473 418424
33 418425
464 418426
57 418427
87 418428
88 418429
90 418430
76 418431
99 418432
128 418433
101 418434
516 418435
96 418436
120 418437
115 418438
138 418439
153 418440
111 418441
516 418442
83 418443
66 418444
57 418445
38 418446
31 418447
19 418448
33 418449
28 418450
60 418451
78 418452
71 418453
95 418454
63 418455
62 418456
85 418457
99 418458
102 418459
104 418460
109 418461
140 418462
139 418463
144 418464
138 418465
105 418466
113 418467
96 418468
57 418469
45 418470
45 418471
43 418472
39 418473
42 418474
60 418475
85 418476
93 418477
72 418478
71 418479
90 418480
499 418481
93 418482
82 418483
86 418484
98 418485
118 418486
142 418487
180 418488
165 418489
119 418490
114 418491
107 418492
81 418493
63 418494
56 418495
31 418496
41 418497
38 418498
79 418499
73 418500
98 418501
88 418502
91 418503
65 418504
89 418505
87 418506
97 418507
109 418508
99 418509
129 418510
175 418511
200 418512
160 418513
169 418514
132 418515
83 418516
65 418517
45 418518
35 418519
36 418520
46 418521
53 418522
59 418523
78 418524
88 418525
68 418526
77 418527
108 418528
97 418529
98 418530
99 418531
110 418532
114 418533
133 418534
193 418535
184 418536
164 418537
143 418538
140 418539
135 418540
95 418541
63 418542
45 418543
43 418544
40 418545
41 418546
46 418547
91 418548
116 418549
135 418550
146 418551
148 418552
155 418553
182 418554
183 418555
174 418556
420 418557
166 418558
190 418559
185 418560
154 418561
141 418562
140 418563
