59 417838
29 417839
14 417840
10 417841
9 417842
26 417843
40 417844
109 417845
190 417846
159 417847
112 417848
124 417849
132 417850
136 417851
129 417852
150 417853
163 417854
145 417855
176 417856
465 417857
148 417858
122 417859
96 417860
80 417861
48 417862
42 417863
43 417864
20 417865
12 417866
2 417867
18 417945
146 417946
132 417947
152 417948
123 417949
145 417950
172 417951
186 417952
198 417953
164 417954
108 417955
95 417956
91 417957
78 417958
32 417959
14 417960
5 417961
8 417962
21 417963
49 417964
126 417965
215 417966
467 417967
136 417968
125 417969
147 417970
152 417971
170 417972
157 417973
148 417974
204 417975
235 417976
210 417977
164 417978
147 417979
106 417980
416 417981
171 417982
98 417983
100 417984
88 417985
52 417986
15 417987
32 417988
102 417989
719 417990
178 417991
153 417992
138 417993
170 417994
135 417995
195 417996
140 417997
143 417998
177 417999
205 418000
213 418001
242 418002
153 418003
132 418004
122 418005
76 418006
31 418007
26 418008
9 418009
9 418010
24 418011
43 418012
118 418013
208 418014
184 418015
136 418016
155 418017
173 418018
176 418019
157 418020
184 418021
180 418022
206 418023
195 418024
173 418025
168 418026
96 418027
114 418028
128 418029
113 418030
85 418031
71 418032
27 418033
138 418034
30 418035
27 418036
45 418037
72 418038
125 418039
134 418040
123 418041
148 418042
125 418043
144 418044
133 418045
179 418046
147 418047
429 418048
152 418049
184 418050
110 418051
102 418052
99 418053
97 418054
92 418055
56 418056
41 418057
36 418058
23 418059
19 418060
24 418061
47 418062
44 418063
88 418064
97 418065
119 418066
84 418067
77 418068
112 418069
99 418070
421 418071
135 418072
137 418073
117 418074
82 418075
92 418076
87 418077
48 418078
23 418079
20 418080
13 418081
16 418082
34 418083
46 418084
115 418085
203 418086
183 418087
118 418088
141 418089
161 418090
182 418091
177 418092
130 418093
162 418094
183 418095
213 418096
216 418097
161 418098
104 418099
127 418100
88 418101
54 418102
32 418103
26 418104
23 418105
18 418106
19 418107
68 418108
137 418109
217 418110
182 418111
132 418112
132 418113
161 418114
146 418115
158 418116
165 418117
187 418118
172 418119
219 418120
219 418121
182 418122
94 418123
187 418124
99 418125
84 418126
41 418127
20 418128
13 418129
12 418130
30 418131
55 418132
145 418133
253 418134
180 418135
123 418136
166 418137
186 418138
155 418139
155 418140
149 418141
185 418142
180 418143
202 418144
203 418145
180 418146
127 418147
120 418148
100 418149
91 418150
35 418151
17 418152
7 418153
9 418154
24 418155
55 418156
117 418157
225 418158
192 418159
138 418160
146 418161
187 418162
156 418163
165 418164
152 418165
158 418166
187 418167
208 418168
227 418169
167 418170
125 418171
132 418172
102 418173
81 418174
44 418175
25 418176
14 418177
15 418178
25 418179
64 418180
139 418181
207 418182
161 418183
143 418184
139 418185
181 418186
175 418187
201 418188
187 418189
200 418190
292 418191
448 418192
219 418193
166 418194
144 418195
139 418196
139 418197
112 418198
92 418199
62 418200
37 418201
34 418202
17 418203
48 418204
49 418205
104 418206
125 418207
144 418208
162 418209
152 418210
143 418211
143 418212
136 418213
133 418214
137 418215
149 418216
185 418217
190 418218
120 418219
140 418220
134 418221
402 418222
83 418223
59 418224
39 418225
24 418226
41 418227
22 418228
27 418229
39 418230
67 418231
118 418232
119 418233
134 418234
128 418235
104 418236
109 418237
171 418238
176 418239
170 418240
139 418241
440 418242
102 418243
87 418244
85 418245
41 418246
30 418247
18 418248
8 418249
19 418250
27 418251
74 418252
126 418253
246 418254
149 418255
124 418256
128 418257
174 418258
194 418259
139 418260
141 418261
168 418262
199 418263
211 418264
218 418265
196 418266
144 418267
106 418268
86 418269
62 418270
28 418271
4 418272
4 418273
113 418274
311 418275
67 418276
159 418277
263 418278
168 418279
137 418280
126 418281
162 418282
498 418283
165 418284
188 418285
153 418286
216 418287
264 418288
216 418289
156 418290
114 418291
125 418292
128 418293
104 418294
62 418295
42 418296
36 418297
35 418298
58 418299
56 418300
163 418301
235 418302
182 418303
440 418304
435 418305
448 418306
161 418307
176 418308
140 418309
195 418310
193 418311
226 418312
171 418313
170 418314
462 418315
139 418316
121 418317
108 418318
60 418319
47 418320
86 418321
37 418322
51 418323
55 418324
125 418325
205 418326
489 418327
128 418328
130 418329
181 418330
182 418331
172 418332
138 418333
155 418334
168 418335
205 418336
501 418337
166 418338
139 418339
149 418340
108 418341
102 418342
82 418343
20 418344
9 418345
19 418346
31 418347
55 418348
136 418349
211 418350
181 418351
113 418352
128 418353
167 418354
156 418355
174 418356
157 418357
185 418358
210 418359
216 418360
206 418361
169 418362
152 418363
134 418364
138 418365
101 418366
77 418367
51 418368
32 418369
42 418370
26 418371
50 418372
45 418373
88 418374
131 418375
173 418376
158 418377
193 418378
125 418379
150 418380
196 418381
218 418382
233 418383
243 418384
251 418385
239 418386
139 418387
174 418388
188 418389
128 418390
90 418391
59 418392
38 418393
19 418394
25 418395
18 418396
30 418397
51 418398
80 418399
85 418400
94 418401
105 418402
79 418403
88 418404
116 418405
126 418406
123 418407
135 418408
438 418409
120 418410
87 418411
92 418412
1022 418413
695 418414
25 418415
14 418416
9 418417
19 418418
29 418419
72 418420
128 418421
221 418422
161 418423
125 418424
118 418425
150 418426
148 418427
156 418428
153 418429
476 418430
179 418431
207 418432
185 418433
169 418434
123 418435
117 418436
435 418437
148 418438
26 418439
19 418440
16 418441
24 418442
39 418443
64 418444
136 418445
271 418446
218 418447
131 418448
123 418449
156 418450
172 418451
153 418452
158 418453
172 418454
195 418455
200 418456
150 418457
146 418458
92 418459
91 418460
83 418461
72 418462
47 418463
17 418464
24 418465
15 418466
30 418467
406 418468
126 418469
206 418470
170 418471
158 418472
121 418473
160 418474
185 418475
183 418476
167 418477
167 418478
202 418479
230 418480
191 418481
164 418482
116 418483
166 418484
114 418485
136 418486
30 418487
15 418488
12 418489
15 418490
28 418491
50 418492
144 418493
228 418494
188 418495
140 418496
123 418497
159 418498
160 418499
179 418500
144 418501
191 418502
286 418503
234 418504
226 418505
173 418506
171 418507
116 418508
121 418509
94 418510
50 418511
30 418512
11 418513
25 418514
20 418515
35 418516
146 418517
516 418518
192 418519
190 418520
158 418521
191 418522
187 418523
178 418524
183 418525
209 418526
201 418527
189 418528
192 418529
199 418530
127 418531
155 418532
145 418533
133 418534
92 418535
71 418536
41 418537
22 418538
26 418539
48 418540
41 418541
93 418542
110 418543
131 418544
152 418545
159 418546
146 418547
167 418548
163 418549
163 418550
140 418551
145 418552
189 418553
138 418554
159 418555
135 418556
454 418557
